%YAML:1.0
pose_0: !!opencv-nd-matrix
   sizes: [ 1, 23, 3 ]
   dt: f
   data: [ 9.80697754e+02, 2.47778152e+02, 7.19993412e-01,
       9.95290771e+02, 2.56517365e+02, 8.03633392e-01, 9.89467468e+02,
       3.97824005e+02, 7.81865656e-01, 1.02185657e+03, 5.18474854e+02,
       8.69659722e-01, 9.68828979e+02, 2.44801605e+02, 6.08028591e-01,
       0., 0., 0., 0., 0., 0., 9.77610840e+02, 4.86157532e+02,
       6.82398856e-01, 9.95340698e+02, 4.92033112e+02, 6.78802788e-01,
       1.05120435e+03, 6.68657104e+02, 8.49496663e-01, 1.08361475e+03,
       8.77653015e+02, 8.21041405e-01, 1.17776477e+03, 9.07100830e+02,
       7.60370433e-01, 1.16011243e+03, 9.18800171e+02, 7.20624864e-01,
       9.54081299e+02, 4.83161346e+02, 6.40159190e-01, 9.42347595e+02,
       6.59820007e+02, 8.07088554e-01, 7.98150391e+02, 8.30475220e+02,
       7.87261426e-01, 8.39263489e+02, 9.09965637e+02, 8.75180423e-01,
       8.39267517e+02, 9.01192139e+02, 8.75216722e-01, 1.06593713e+03,
       1.59440704e+02, 9.08644736e-01, 1.05127393e+03, 1.47674713e+02,
       8.82659435e-01, 1.01597589e+03, 1.53651001e+02, 9.57001865e-01,
       0., 0., 0., 0., 0., 0. ]
