%YAML:1.0
face_0: !!opencv-nd-matrix
   sizes: [ 1, 70, 3 ]
   dt: f
   data: [ 1.02090930e+03, 1.51816254e+02, 6.56632066e-01,
       1.02179559e+03, 1.62008423e+02, 6.49480641e-01, 1.02401123e+03,
       1.69984909e+02, 5.14177263e-01, 1.02755640e+03, 1.77518265e+02,
       5.32292843e-01, 1.03331714e+03, 1.85937881e+02, 5.09216547e-01,
       1.04173682e+03, 1.93028091e+02, 4.84303802e-01, 1.05192896e+03,
       2.01447723e+02, 3.80696267e-01, 1.05901917e+03, 2.01447723e+02,
       4.54859495e-01, 1.06034863e+03, 2.00561447e+02, 5.21642923e-01,
       1.05680347e+03, 2.00561447e+02, 3.56815219e-01, 1.06079175e+03,
       1.90812408e+02, 2.89944977e-01, 1.05990540e+03, 1.84165329e+02,
       3.03061634e-01, 1.05901917e+03, 1.76631989e+02, 1.52356759e-01,
       1.06345056e+03, 1.71757462e+02, 1.74363941e-01, 1.06345056e+03,
       1.62008423e+02, 3.43061924e-01, 1.06034863e+03, 1.55361359e+02,
       2.38708615e-01, 1.05680347e+03, 1.52259399e+02, 1.09439850e-01,
       1.03553284e+03, 1.41624084e+02, 2.59473473e-01, 1.03907800e+03,
       1.38965256e+02, 3.24071765e-01, 1.04749756e+03, 1.37635834e+02,
       2.63700187e-01, 1.04882703e+03, 1.38965256e+02, 3.31838697e-01,
       1.05192896e+03, 1.41624084e+02, 3.01345557e-01, 1.04838391e+03,
       1.42067215e+02, 4.22345251e-01, 1.04572498e+03, 1.40737808e+02,
       4.76492226e-01, 1.04483875e+03, 1.40294662e+02, 3.12756658e-01,
       1.03243091e+03, 1.45169189e+02, 3.31814617e-01, 1.03198779e+03,
       1.49157425e+02, 3.02509010e-01, 1.05237207e+03, 1.50486847e+02,
       5.75860381e-01, 1.05636035e+03, 1.54031937e+02, 6.49940848e-01,
       1.06079175e+03, 1.57577042e+02, 6.95874453e-01, 1.06655249e+03,
       1.62008423e+02, 8.00521731e-01, 1.06034863e+03, 1.68212357e+02,
       6.59215748e-01, 1.06123486e+03, 1.69541779e+02, 6.90103829e-01,
       1.06256433e+03, 1.70428055e+02, 6.37869239e-01, 1.05990540e+03,
       1.69541779e+02, 6.15040839e-01, 1.05768982e+03, 1.69541779e+02,
       5.56078911e-01, 1.04085046e+03, 1.48714294e+02, 2.80687898e-01,
       1.04262305e+03, 1.47828018e+02, 3.76684546e-01, 1.04395251e+03,
       1.48714294e+02, 4.10654515e-01, 1.04439563e+03, 1.51816254e+02,
       5.06715238e-01, 1.04306616e+03, 1.51816254e+02, 4.29604441e-01,
       1.04217993e+03, 1.50486847e+02, 3.21558565e-01, 1.04350940e+03,
       1.52259399e+02, 6.04214787e-01, 1.04173682e+03, 1.51373123e+02,
       4.92888033e-01, 1.03907800e+03, 1.53145676e+02, 3.78069431e-01,
       1.03863489e+03, 1.53588806e+02, 3.75326633e-01, 1.04040735e+03,
       1.53145676e+02, 4.63720053e-01, 1.04173682e+03, 1.53145676e+02,
       5.38334191e-01, 1.05325842e+03, 1.78404541e+02, 8.42512369e-01,
       1.05768982e+03, 1.76631989e+02, 6.90042078e-01, 1.05990540e+03,
       1.76188843e+02, 6.67328298e-01, 1.05990540e+03, 1.76631989e+02,
       6.50996268e-01, 1.05857605e+03, 1.76631989e+02, 6.78131998e-01,
       1.05591724e+03, 1.77518265e+02, 5.48365772e-01, 1.05148584e+03,
       1.80177094e+02, 3.90968740e-01, 1.05458777e+03, 1.83279053e+02,
       4.03731942e-01, 1.05768982e+03, 1.83722198e+02, 4.94519174e-01,
       1.05990540e+03, 1.83722198e+02, 5.38060248e-01, 1.05946228e+03,
       1.83722198e+02, 5.38928866e-01, 1.05680347e+03, 1.82392776e+02,
       6.99834824e-01, 1.05414465e+03, 1.79290817e+02, 8.47839236e-01,
       1.05946228e+03, 1.78847672e+02, 6.45434260e-01, 1.05990540e+03,
       1.79290817e+02, 6.18864655e-01, 1.05813293e+03, 1.79290817e+02,
       5.82228482e-01, 1.05237207e+03, 1.80177094e+02, 4.59157735e-01,
       1.05724658e+03, 1.79733948e+02, 5.06691873e-01, 1.05901917e+03,
       1.80177094e+02, 6.20351613e-01, 1.05813293e+03, 1.79733948e+02,
       6.68735504e-01, 1.04262305e+03, 1.49157425e+02, 4.49378699e-01,
       1.03996423e+03, 1.52259399e+02, 4.77686703e-01 ]
