%YAML:1.0
pose_0: !!opencv-nd-matrix
   sizes: [ 1, 23, 3 ]
   dt: f
   data: [ 1.00996454e+03, 2.44817551e+02, 7.34796107e-01,
       1.01598566e+03, 2.47807465e+02, 8.37241709e-01, 1.01883154e+03,
       3.92006348e+02, 8.24095070e-01, 1.05416040e+03, 5.09659088e+02,
       8.78332138e-01, 9.89456909e+02, 2.44734604e+02, 6.06739402e-01,
       9.98260925e+02, 3.86046814e+02, 5.03712110e-02, 0., 0., 0.,
       1.00115552e+03, 4.86127167e+02, 6.68844044e-01, 1.01882672e+03,
       4.91997009e+02, 6.96332872e-01, 1.06893372e+03, 6.68649109e+02,
       8.77282083e-01, 1.08650134e+03, 8.80465881e+02, 8.05657387e-01,
       1.17777515e+03, 9.12870544e+02, 7.67791927e-01, 1.16011792e+03,
       9.21744141e+02, 7.42474496e-01, 9.80536743e+02, 4.80294342e+02,
       6.50705338e-01, 9.95286072e+02, 6.59769348e+02, 7.94475377e-01,
       8.36316650e+02, 7.95219421e+02, 8.04367840e-01, 8.51075256e+02,
       8.83522888e+02, 7.52267659e-01, 8.54073059e+02, 8.77564392e+02,
       8.02181721e-01, 1.08943982e+03, 1.56578949e+02, 8.95767212e-01,
       1.07769360e+03, 1.44693375e+02, 8.68783951e-01, 1.04245825e+03,
       1.53502121e+02, 9.74545002e-01, 0., 0., 0., 0., 0., 0. ]
