%YAML:1.0
hand_right_0: !!opencv-nd-matrix
   sizes: [ 1, 21, 3 ]
   dt: f
   data: [ 1.04056262e+03, 5.21341675e+02, 5.32495320e-01,
       1.05299597e+03, 5.29112488e+02, 4.94651437e-01, 1.06439319e+03,
       5.40509705e+02, 2.99790621e-01, 1.07216406e+03, 5.53979126e+02,
       5.56455374e-01, 1.08045288e+03, 5.57605530e+02, 7.71847129e-01,
       1.06905566e+03, 5.55015259e+02, 7.03009129e-01, 1.06853760e+03,
       5.70556885e+02, 7.77771890e-01, 1.06076685e+03, 5.76255493e+02,
       4.92338598e-01, 1.05662231e+03, 5.79363831e+02, 4.02890772e-01,
       1.06335706e+03, 5.58123596e+02, 6.14227057e-01, 1.06283899e+03,
       5.74183289e+02, 6.73283935e-01, 1.05455017e+03, 5.80918030e+02,
       6.72747374e-01, 1.04677930e+03, 5.84026367e+02, 4.89354402e-01,
       1.05558630e+03, 5.58641663e+02, 7.43271172e-01, 1.05506824e+03,
       5.74701355e+02, 7.93330789e-01, 1.04729736e+03, 5.81954102e+02,
       7.87912130e-01, 1.03900842e+03, 5.83508301e+02, 7.79591441e-01,
       1.04418909e+03, 5.58641663e+02, 8.03166032e-01, 1.04367102e+03,
       5.72629150e+02, 7.18784690e-01, 1.03952649e+03, 5.79363831e+02,
       8.28731060e-01, 1.03538208e+03, 5.82472168e+02, 8.00503373e-01 ]
