%YAML:1.0
face_0: !!opencv-nd-matrix
   sizes: [ 1, 70, 3 ]
   dt: f
   data: [ 1.03347766e+03, 1.51141647e+02, 5.81271410e-01,
       1.03468713e+03, 1.60817184e+02, 5.96100271e-01, 1.03549341e+03,
       1.68476990e+02, 5.43094456e-01, 1.03831543e+03, 1.77346237e+02,
       5.68593025e-01, 1.04395959e+03, 1.86618637e+02, 5.45132697e-01,
       1.05323193e+03, 1.92665848e+02, 5.26762009e-01, 1.06532642e+03,
       1.99922501e+02, 4.04575706e-01, 1.07177673e+03, 1.99922501e+02,
       4.73727405e-01, 1.07379248e+03, 1.98309906e+02, 5.02417147e-01,
       1.07137354e+03, 1.97100464e+02, 3.24564904e-01, 1.07258301e+03,
       1.89843811e+02, 3.05773318e-01, 1.07177673e+03, 1.82587158e+02,
       2.89763212e-01, 1.06976099e+03, 1.74524200e+02, 1.13461785e-01,
       1.07580823e+03, 1.70895874e+02, 9.38657969e-02, 1.07500195e+03,
       1.61623489e+02, 3.53057921e-01, 1.07258301e+03, 1.54769974e+02,
       2.23823398e-01, 1.06935791e+03, 1.51947937e+02, 1.11829408e-01,
       1.04718469e+03, 1.37837784e+02, 8.39487389e-02, 1.05323193e+03,
       1.36225189e+02, 1.59425914e-01, 1.06089172e+03, 1.35822037e+02,
       1.82678044e-01, 1.06169800e+03, 1.37031479e+02, 2.96137482e-01,
       1.06331067e+03, 1.40256668e+02, 2.37274274e-01, 1.05927917e+03,
       1.41869247e+02, 3.23344499e-01, 1.05565088e+03, 1.39450363e+02,
       4.29266125e-01, 1.05000671e+03, 1.39853516e+02, 3.03275317e-01,
       1.04436267e+03, 1.43884995e+02, 2.64856875e-01, 1.04315320e+03,
       1.47513321e+02, 2.10561797e-01, 1.06331067e+03, 1.48722763e+02,
       4.06747043e-01, 1.06814844e+03, 1.51544800e+02, 5.40797055e-01,
       1.07258301e+03, 1.55173126e+02, 6.61286116e-01, 1.07822705e+03,
       1.59607742e+02, 6.67823970e-01, 1.07258301e+03, 1.66058105e+02,
       6.26451075e-01, 1.07379248e+03, 1.68073837e+02, 6.43171132e-01,
       1.07500195e+03, 1.68476990e+02, 5.53480864e-01, 1.07217993e+03,
       1.68073837e+02, 4.72947925e-01, 1.07016418e+03, 1.67670700e+02,
       4.44063663e-01, 1.05363513e+03, 1.48319611e+02, 1.51660070e-01,
       1.06210120e+03, 1.45094437e+02, 2.22851783e-01, 1.05645715e+03,
       1.48319611e+02, 2.77970195e-01, 1.05645715e+03, 1.49932205e+02,
       3.86225164e-01, 1.05605396e+03, 1.50738495e+02, 2.77532160e-01,
       1.05363513e+03, 1.49125916e+02, 1.87676281e-01, 1.05444141e+03,
       1.51141647e+02, 5.17243326e-01, 1.05282886e+03, 1.51141647e+02,
       4.05244708e-01, 1.05000671e+03, 1.51544800e+02, 3.21786135e-01,
       1.04920044e+03, 1.49932205e+02, 2.84413755e-01, 1.05121619e+03,
       1.51544800e+02, 3.47940713e-01, 1.05242566e+03, 1.51544800e+02,
       4.25729990e-01, 1.06572949e+03, 1.76539948e+02, 8.14247847e-01,
       1.06976099e+03, 1.74524200e+02, 6.83671176e-01, 1.07217993e+03,
       1.74524200e+02, 6.57687664e-01, 1.07217993e+03, 1.74927353e+02,
       5.72440028e-01, 1.07056726e+03, 1.74524200e+02, 5.80007851e-01,
       1.06855151e+03, 1.76539948e+02, 4.84351993e-01, 1.06331067e+03,
       1.78555679e+02, 4.40662891e-01, 1.06653577e+03, 1.81377716e+02,
       4.02577102e-01, 1.07056726e+03, 1.81780869e+02, 4.19872224e-01,
       1.07217993e+03, 1.82990311e+02, 5.30821800e-01, 1.07177673e+03,
       1.82184006e+02, 5.44431210e-01, 1.06895471e+03, 1.80571426e+02,
       6.97355986e-01, 1.06653577e+03, 1.77346237e+02, 8.59895706e-01,
       1.07177673e+03, 1.77346237e+02, 5.96824944e-01, 1.07217993e+03,
       1.78152527e+02, 5.61095059e-01, 1.07016418e+03, 1.77749390e+02,
       5.13829947e-01, 1.06452002e+03, 1.78555679e+02, 4.07534957e-01,
       1.06935791e+03, 1.78152527e+02, 4.53788251e-01, 1.07137354e+03,
       1.78555679e+02, 5.70952833e-01, 1.07016418e+03, 1.77749390e+02,
       6.72310889e-01, 1.05444141e+03, 1.48722763e+02, 2.95542568e-01,
       1.05121619e+03, 1.50738495e+02, 3.79418135e-01 ]
