%YAML:1.0
hand_right_0: !!opencv-nd-matrix
   sizes: [ 1, 21, 3 ]
   dt: f
   data: [ 1.05576624e+03, 5.18855225e+02, 5.75112045e-01,
       1.06846448e+03, 5.24675293e+02, 5.58431447e-01, 1.08010449e+03,
       5.34198975e+02, 4.21598345e-01, 1.08751184e+03, 5.47426270e+02,
       6.06454849e-01, 1.09439001e+03, 5.53775391e+02, 7.64962077e-01,
       1.08486633e+03, 5.50600830e+02, 7.35823452e-01, 1.08433728e+03,
       5.67002747e+02, 8.03938150e-01, 1.07745898e+03, 5.74410034e+02,
       5.59854209e-01, 1.07269714e+03, 5.79171875e+02, 5.12980878e-01,
       1.07851721e+03, 5.54304504e+02, 6.60104930e-01, 1.07745898e+03,
       5.71235474e+02, 7.44308591e-01, 1.07058081e+03, 5.78642822e+02,
       7.36414075e-01, 1.06264441e+03, 5.82346436e+02, 5.79315841e-01,
       1.07058081e+03, 5.54833618e+02, 7.88082659e-01, 1.07005176e+03,
       5.71235474e+02, 8.46246183e-01, 1.06317346e+03, 5.78642822e+02,
       8.29579532e-01, 1.05470801e+03, 5.80230103e+02, 8.49794805e-01,
       1.05946985e+03, 5.54833618e+02, 8.57316136e-01, 1.05946985e+03,
       5.68590027e+02, 7.79062271e-01, 1.05523706e+03, 5.75468262e+02,
       8.65469396e-01, 1.05100439e+03, 5.78642822e+02, 8.20688307e-01 ]
