%YAML:1.0
face_0: !!opencv-nd-matrix
   sizes: [ 1, 70, 3 ]
   dt: f
   data: [ 1.04456543e+03, 1.48218338e+02, 5.60039937e-01,
       1.04667358e+03, 1.57072815e+02, 5.71501732e-01, 1.04751685e+03,
       1.65505661e+02, 5.02100646e-01, 1.05046838e+03, 1.73095215e+02,
       5.35860896e-01, 1.05552808e+03, 1.82792969e+02, 5.26269257e-01,
       1.06438257e+03, 1.90382523e+02, 5.08768320e-01, 1.07492358e+03,
       1.98393723e+02, 3.92636925e-01, 1.08166992e+03, 1.98815369e+02,
       4.99684155e-01, 1.08419971e+03, 1.97550430e+02, 5.70783317e-01,
       1.08082654e+03, 1.97128799e+02, 3.96374136e-01, 1.08462134e+03,
       1.88695953e+02, 2.83740878e-01, 1.08209155e+03, 1.81106400e+02,
       3.02832365e-01, 1.08166992e+03, 1.73095215e+02, 1.68646306e-01,
       1.08757288e+03, 1.69722076e+02, 1.27899140e-01, 1.08672961e+03,
       1.59602676e+02, 3.94994557e-01, 1.08462134e+03, 1.53278046e+02,
       3.14260721e-01, 1.08124817e+03, 1.49904907e+02, 1.86353564e-01,
       1.06100940e+03, 1.38520584e+02, 2.79914498e-01, 1.06396094e+03,
       1.35569092e+02, 3.65351528e-01, 1.06522583e+03, 1.35569092e+02,
       3.51367325e-01, 1.07112878e+03, 1.35569092e+02, 3.96465123e-01,
       1.07450195e+03, 1.36412369e+02, 3.78879100e-01, 1.07281543e+03,
       1.37255661e+02, 5.09604812e-01, 1.07112878e+03, 1.36834015e+02,
       4.74417746e-01, 1.05932288e+03, 1.40628784e+02, 3.25429827e-01,
       1.05805798e+03, 1.42737000e+02, 3.63035083e-01, 1.05763623e+03,
       1.45688492e+02, 3.52534324e-01, 1.07618848e+03, 1.46531769e+02,
       6.30828500e-01, 1.08082654e+03, 1.49904907e+02, 7.51339376e-01,
       1.08504297e+03, 1.53278046e+02, 8.14845026e-01, 1.08925940e+03,
       1.58759384e+02, 7.61693120e-01, 1.08377808e+03, 1.63819092e+02,
       6.93824530e-01, 1.08504297e+03, 1.66348938e+02, 7.81749368e-01,
       1.08546460e+03, 1.67192230e+02, 6.82504058e-01, 1.08293481e+03,
       1.66770584e+02, 5.83473027e-01, 1.08124817e+03, 1.66348938e+02,
       5.75403094e-01, 1.06522583e+03, 1.46531769e+02, 2.68336385e-01,
       1.06733411e+03, 1.44845200e+02, 3.18851441e-01, 1.06859900e+03,
       1.46110138e+02, 4.22353745e-01, 1.06944226e+03, 1.48639984e+02,
       5.05645931e-01, 1.06817737e+03, 1.49483261e+02, 4.09117192e-01,
       1.06691235e+03, 1.48218338e+02, 2.97306061e-01, 1.06859900e+03,
       1.49483261e+02, 6.46586061e-01, 1.06733411e+03, 1.48639984e+02,
       5.34403026e-01, 1.06480420e+03, 1.49061630e+02, 3.97118062e-01,
       1.06438257e+03, 1.49483261e+02, 3.71990919e-01, 1.06649072e+03,
       1.49904907e+02, 4.66679364e-01, 1.06733411e+03, 1.49904907e+02,
       5.76304495e-01, 1.07745349e+03, 1.73938492e+02, 7.75046229e-01,
       1.08124817e+03, 1.73095215e+02, 7.55460680e-01, 1.08335645e+03,
       1.73095215e+02, 6.63403809e-01, 1.08335645e+03, 1.73516846e+02,
       6.48438692e-01, 1.08166992e+03, 1.73516846e+02, 6.84410870e-01,
       1.07871838e+03, 1.75203415e+02, 5.60585976e-01, 1.07450195e+03,
       1.77311630e+02, 5.20211935e-01, 1.07745349e+03, 1.80263123e+02,
       4.72302109e-01, 1.08124817e+03, 1.80684769e+02, 5.35128415e-01,
       1.08251318e+03, 1.81106400e+02, 6.09671652e-01, 1.08209155e+03,
       1.80684769e+02, 6.53152525e-01, 1.07914001e+03, 1.79419846e+02,
       6.85586154e-01, 1.07787512e+03, 1.75625061e+02, 8.28072309e-01,
       1.08209155e+03, 1.76046707e+02, 6.91510618e-01, 1.08251318e+03,
       1.76468338e+02, 6.43670976e-01, 1.08124817e+03, 1.76468338e+02,
       6.41298354e-01, 1.07492358e+03, 1.76889984e+02, 5.01150250e-01,
       1.08124817e+03, 1.76889984e+02, 5.88430703e-01, 1.08166992e+03,
       1.76889984e+02, 7.12807298e-01, 1.08166992e+03, 1.76468338e+02,
       7.92942762e-01, 1.06733411e+03, 1.46531769e+02, 4.38034952e-01,
       1.06564746e+03, 1.49483261e+02, 5.12080371e-01 ]
