%YAML:1.0
hand_right_0: !!opencv-nd-matrix
   sizes: [ 1, 21, 3 ]
   dt: f
   data: [ 1.02683789e+03, 5.25603943e+02, 5.92533231e-01,
       1.03877075e+03, 5.32348572e+02, 5.93054712e-01, 1.05018481e+03,
       5.44281433e+02, 4.50509876e-01, 1.05796704e+03, 5.56214294e+02,
       6.85688078e-01, 1.06678699e+03, 5.60364868e+02, 8.39601398e-01,
       1.05381653e+03, 5.58289612e+02, 7.49194145e-01, 1.05226013e+03,
       5.74373047e+02, 8.06365192e-01, 1.04707190e+03, 5.81117676e+02,
       6.06153965e-01, 1.04188367e+03, 5.84749451e+02, 5.64370215e-01,
       1.04655310e+03, 5.60883667e+02, 7.79656887e-01, 1.04655310e+03,
       5.76967102e+02, 7.60976613e-01, 1.03877075e+03, 5.84749451e+02,
       8.45054150e-01, 1.03202612e+03, 5.88381165e+02, 6.15761876e-01,
       1.03877075e+03, 5.61402527e+02, 7.89756835e-01, 1.03877075e+03,
       5.76967102e+02, 8.16116333e-01, 1.03150720e+03, 5.84749451e+02,
       8.41694057e-01, 1.02424377e+03, 5.86824707e+02, 8.01748931e-01,
       1.02995081e+03, 5.61402527e+02, 8.34723473e-01, 1.02943201e+03,
       5.75929504e+02, 8.09600472e-01, 1.02528137e+03, 5.81636536e+02,
       8.49297523e-01, 1.02113086e+03, 5.84749451e+02, 8.39290142e-01 ]
