%YAML:1.0
pose_0: !!opencv-nd-matrix
   sizes: [ 1, 23, 3 ]
   dt: f
   data: [ 9.98242249e+02, 2.47692947e+02, 7.13214874e-01,
       1.00715430e+03, 2.50706909e+02, 8.38306427e-01, 1.00704102e+03,
       3.91924927e+02, 8.23459446e-01, 1.04237268e+03, 5.12601685e+02,
       8.82321835e-01, 9.80573792e+02, 2.44770004e+02, 6.11011565e-01,
       1.01299005e+03, 3.74317596e+02, 8.89086723e-02, 0., 0., 0.,
       9.83615540e+02, 4.86121704e+02, 6.68479919e-01, 1.00714746e+03,
       4.91992340e+02, 6.93056881e-01, 1.06301892e+03, 6.68609070e+02,
       8.33536446e-01, 1.08365588e+03, 8.77594360e+02, 8.25046718e-01,
       1.17488940e+03, 9.10003174e+02, 7.45895326e-01, 1.15723779e+03,
       9.21697693e+02, 7.15842724e-01, 9.68855713e+02, 4.83157379e+02,
       6.31629586e-01, 9.65907288e+02, 6.65609131e+02, 8.08676779e-01,
       8.09988525e+02, 8.12859009e+02, 8.65352929e-01, 8.39426697e+02,
       9.04092407e+02, 8.81329358e-01, 8.42283997e+02, 8.95263916e+02,
       8.42388451e-01, 1.07477136e+03, 1.59398010e+02, 9.30398405e-01,
       1.06883972e+03, 1.47668365e+02, 9.16550338e-01, 1.03059802e+03,
       1.53615204e+02, 9.35603440e-01, 0., 0., 0., 0., 0., 0. ]
